DATOS								y(1) = 0 					
X0	1												
Y0	0												
Xf	1.7							Problema del libro CHAPRA					
h	0.1		METODO RUNGE KUTTA 4 TO ORDEN										
													
													
	APROX												
X	Y	K1	X + h/2	Y + K1*h/2	K2	X + h/2	Y + K2*h/2	K3	X + h	Y + K3*h	K4	Solucion Exacta (Real)	Error
1	0	2	1.05	0.1	1.904761905	1.05	0	2	1.1	0.2	1.818181818	0	
1.1	0.193795094	1.823822642	1.15	0.284986226	1.752185891	1.15	0.193795094	1.831482527	1.2	0.376943347	1.685880545	0.190909091	0.015117158
1.2	0.371745761	1.690211866	1.25	0.456256354	1.634994917	1.25	0.371745761	1.702603391	1.3	0.5420061	1.583072231	0.366666667	0.013852075
1.3	0.537553773	1.586497098	1.35	0.616878628	1.543052868	1.35	0.537553773	1.60181202	1.4	0.697734975	1.501617875	0.530769231	0.01278247
1.4	0.693851185	1.504392011	1.45	0.769070786	1.469606355	1.45	0.693851185	1.521481941	1.5	0.845999379	1.436000414	0.685714286	0.011866312
1.5	0.842560669	1.438292887	1.55	0.914475313	1.410015927	1.55	0.842560669	1.456412472	1.6	0.988201916	1.382373803	0.833333333	0.011072803
1.6	0.985119394	1.384300379	1.65	1.054334413	1.361009447	1.65	0.985119394	1.402957943	1.7	1.125415188	1.337991066	0.975	0.010378865
1.7	1.122623164	1.339633433	1.75	1.189604836	1.320225808	1.75	1.122623164	1.358501049	1.8	1.258473269	1.300848184	1.111764706	0.009766867
